69
230
0 1 17
0 2 18
0 3 22
0 4 23
1 0 16 
1 5 15
1 6 18
1 7 8
1 8 16
1 9 15
1 10 14
1 11 12
2 0 18
2 7 13
2 8 17
2 9 16
2 10 17
2 11 13
3 0 22
3 11 14
3 12 10
3 13 12
3 14 9
4 0 23
4 12 7
4 13 7
4 14 4
5 1 15
6 1 18
7 1 9
7 2 13
7 15 9
7 16 9
8 1 16
8 2 17
8 17 12
9 1 15
9 2 16
9 17 9
10 1 15
10 2 18
10 11 7
10 17 11
11 1 12
11 2 13
11 3 15
11 10 7
11 18 3
11 19 13
12 3 10
12 4 7
12 13 7
12 18 10
12 19 15
13 3 12
13 4 7
13 12 6
13 18 10
13 19 18
13 20 12
13 21 19
13 22 22
13 23 29
13 24 13
14 3 9
14 4 5
14 24 9
14 25 8
14 26 7
14 27 7
14 28 8
15 7 9
15 16 8
15 29 21
15 30 20
15 31 19
15 32 14
16 7 9
16 15 8
16 31 20
16 32 15
17 8 11
17 9 9
17 10 11
17 19 16
17 33 5
17 34 6
17 35 7
18 11 4
18 12 5
18 13 10
18 19 11
19 11 13
19 12 15
19 13 19
19 17 16
19 18 11
19 20 22
19 34 12
19 36 11
19 37 17
20 13 11
20 19 22
20 21 8
20 37 9
21 13 19
21 20 8
21 38 8
22 13 22
22 23 11
22 38 8
23 13 29
23 22 10
23 38 12
23 57 14
23 64 14
24 13 14
24 14 9
24 25 10
24 26 11
25 14 8
25 24 10
26 14 7
26 24 11
26 27 7
26 39 6
27 14 7
27 26 7
27 40 6
28 14 8
29 15 21
30 15 20
31 15 19
31 16 20
31 32 19
32 15 14
32 16 14
32 31 19
32 41 5
32 42 11
33 17 5
33 43 6
33 44 7
34 17 6
34 19 12
34 35 4
35 17 7
35 34 4
35 36 3
36 19 11
36 37 8
37 19 17
37 20 9
37 38 12
38 21 8
38 22 8
39 26 5
39 40 11
39 45 4
39 46 11
39 47 8
40 27 6
40 39 11
40 47 10
41 32 5
41 42 11
41 48 5
41 49 10
41 50 7
41 51 7
41 52 6
41 53 9
42 32 11
42 41 11
43 33 6
43 44 8
44 33 7
44 54 9
44 55 8
45 39 4
45 56 9
46 39 11
46 56 6
46 57 8
46 58 11
46 59 11
47 39 8
47 40 10
47 59 10
48 41 5
49 41 10
50 41 7
50 60 8
51 41 7
51 52 8
52 41 6
52 61 6
52 62 10
53 41 9
53 61 2
54 44 9
55 44 8
55 63 5
56 45 9
56 46 6
57 23 14
57 46 8
58 46 11
58 59 15
58 64 4
59 46 11
59 47 10
60 50 8
60 62 6
61 52 6
61 53 3
62 52 10
62 65 12
63 55 5
63 65 7
63 66 2
64 23 15
64 58 4
64 67 12
64 68 5
65 62 12
65 63 7
66 63 2
67 64 12
68 64 5
