55
146
0 2 15
0 52 15
0 54 15
1 3 15
2 4 15
2 48 15
2 51 15
2 52 15
2 54 15
3 5 18
4 6 17
4 48 16
4 51 15
4 52 14
5 7 13
6 8 17
6 41 16
6 47 14
6 48 13
6 51 13
7 9 13
8 11 13
8 24 15
8 35 15
8 38 15
8 41 15
8 47 15
8 48 15
8 51 15
9 10 15
10 13 15
11 12 15
11 35 15
11 37 15
11 41 15
12 15 15
12 35 16
13 14 16
14 16 18
15 17 17
15 24 16
15 27 15
15 30 14
17 24 13
17 27 183
18 20 18
18 27 17
19 21 16
20 22 16
20 24 15
20 27 14
21 23 14
22 23 13
22 24 145
22 25 13
22 27 19
22 28 18
23 24 17
24 27 16
25 9 15
25 14 14
25 16 13
25 21 18
25 23 17
25 24 16
25 26 15
25 27 14
26 14 13
26 16 19
26 19 18
26 21 17
26 23 16
26 24 15
26 27 14
26 28 13
26 29 18
26 32 17
27 28 16
28 30 15
29 23 14
29 27 13
29 31 17
31 14 16
33 27 15
34 9 14
34 10 12
34 13 13
34 14 15
34 36 12
35 37 10
36 10 19
38 41 19
39 9 18
39 40 17
40 7 16
40 9 15
40 10 12
42 44 13
43 45 15
43 54 16
44 47 13
45 46 15
45 52 13
45 54 61
46 7 17
46 9 146
46 49 16
46 51 13
46 52 13
46 54 16
47 48 13
48 51 16
49 3 13
49 5 13
49 7 14
49 9 14
49 50 16
49 51 15
49 52 14
49 54 12
50 3 13
50 5 167
50 7 15
50 9 14
50 47 13
50 48 12
50 51 13
50 52 19
50 53 18
51 52 17
52 54 16
53 1 14
53 3 11
53 5 12
53 44 19
53 47 18
53 48 1
53 51 17
53 52 1
53 55 15
55 1 13
55 3 17
55 42 11
55 44 12
55 47 13
55 48 15