100
841 898
1462 2048
1590 2139
810 1108
1351 1932
915 913
1448 1323
2475 2213
1733 2069
2084 1160
1122 1099
595 264
12 2298
731 1230
1438 255
628 2008
2176 191
800 101
1121 2030
483 1163
681 1677
50 856
547 422
1829 2367
1712 1167
2022 2059
1453 2375
2007 1972
842 898
2182 1812
2346 46
595 375
1398 2395
248 487
1117 830
1542 1399
726 138
1305 1299
1807 1889
1888 1195
239 398
1772 43
1345 1421
76 2425
476 1217
663 2168
1730 1225
813 1245
1809 718
852 796
1627 1389
663 2321
1359 1710
819 2083
2231 1892
609 2488
2327 1784
2293 1224
2180 355
1009 2322
1273 653
2386 951
1746 523
1189 393
1442 709
1888 1150
1311 441
2430 1695
2452 2085
1670 1744
1955 925
2069 2470
1984 91
1411 2364
1204 2443
2333 413
1268 816
248 1767
147 1366
772 1537
46 2087
367 1424
1539 1531
1791 1534
745 466
1249 1568
338 2389
408 583
1429 695
271 2466
253 804
267 1724
401 1362
2085 197
120 658
834 2416
1937 1614
2123 1230
840 587
1221 2484